A0 2333 2349 2708 2744 3311
A1 3984 4039 4518 4644 5174
A2 806 806 1084 1088 1571
A3 166 160 212 199 295
A4 51 48 55 50 84
A5 0 0 0 0 3
AA 0 0 0 0 1
AM-ADV 183 186 294 298 286
AM-CAU 29 30 37 38 46
AM-DIR 19 19 37 34 34
AM-DIS 161 161 193 193 201
AM-EXT 25 24 38 37 47
AM-LOC 246 245 403 391 338
AM-MNR 282 286 405 413 429
AM-MOD 304 303 309 308 311
AM-NEG 117 117 122 122 123
AM-PNC 59 59 89 89 79
AM-PRD 3 3 4 4 3
AM-TMP 709 713 805 817 877
C-A1 105 102 124 117 139
C-A2 0 0 0 0 3
C-AM-CAU 0 0 0 0 1
C-AM-DIR 0 0 0 0 1
C-AM-MNR 0 0 0 0 2
NIL 73369 73328 76416 76334 74153
R-A0 18 11 22 16 142
R-A1 26 21 27 24 82
R-A2 0 0 0 0 5
R-AM-CAU 2 2 4 4 3
R-AM-EXT 0 0 0 0 1
R-AM-LOC 4 4 4 4 9
R-AM-MNR 3 4 4 5 6
R-AM-TMP 21 20 28 28 30
SU 647 613 801 742 954
